x:8.60232527e-05 z:5.00000000e-05
x:1.22065556e-04 z:5.00000000e-05
x:1.65529454e-04 z:5.00000000e-05
